5.421061442259506 42.752475316383176 67.14886934129002 3.233446789524167E11 
5.627505018146927 33.89544065632655 72.55267956178834 7.259255926704726E10 
5.824166215906958 46.6624273684764 68.08882549605924 6.027722361220787E11 
5.198773001372249 46.87946004930712 79.0927945239943 4.641216661577933E11 
5.343631358562381 7.168771236993509 72.55576155850771 2.893979931978659E11 
5.178196158605335 45.808554480949496 74.13157790703323 5.3284308547298355E10 
5.276051416696721 11.201012372908524 71.67718015509587 1.806117830264127E11 
5.696908567206044 18.387560188014213 72.64614663110831 6.1240033464719836E13 
5.023968399754045 30.214594810569768 77.80393090418431 4.629367783321722E13 
5.297676541180102 28.513954067775614 77.45181648961731 4.768269164763904E13 
4.8619857948936485 42.25419066036669 65.83353319935195 2.393558327625872E13 
5.489352256465774 7.883487025291608 75.9365998297571 8.8564474007526E13 
5.713941344662713 24.585657588990834 70.14244843851604 6.517888439437137E13 
5.5012402432648395 14.637581740421133 74.4222550228184 1.7041126519171416E14 
5.148886446502707 13.352504168121603 74.67505448635103 3.456135932443031E14 
5.675943905675117 43.6514550084495 68.91427395794668 7.597459586522017E13 
5.148128579760723 63.832303788033315 67.80334978533683 5.8494666285490016E13 
5.64094868339036 32.16601193536211 79.65750430352152 3.2163846630636016E13 
5.774615102223244 21.945475289298805 73.84278804438283 4.1479128440350586E13 
5.4549254015191995 37.83161137333604 75.32059394040454 1.0431858793979955E13 
5.343887223229066 37.30583554638274 68.8122908005187 6.795889434527661E12 
5.4260513432839845 8.797748851871011 74.16658757462008 1.2259320325521016E13 
4.644988818200684 59.01909670147333 71.0563133466881 6.072295957112507E12 
5.319581495640235 37.94575350974196 68.67029652210128 9.74409206103963E10 
5.675154188017146 17.985434963868943 73.86401877255952 3.013407758332307E10 
5.439516742073176 26.64491425122769 76.80822439038957 4.40378997261501E10 
5.095140809108211 36.64458341202031 67.99604302923136 3.1818225984089184E9 
5.307234457519162 25.312653392700526 72.30193527328838 6.080891364756579E8 
4.859709120944684 32.369634046831415 68.45185193998176 8.144483996680242E8 
5.252140786219516 25.4202462659864 67.32050064854464 9.229667787508585E8 
5.170519547366751 23.41646539728221 73.84649352550001 6.406487456462176E8 
5.245373869153095 22.953632500981115 67.56840256895589 1.4512309991700072E9 
5.346064841788734 7.937419855921747 75.08281719104832 1.692977926872806E9 
5.004531129434315 18.115356608368938 73.27668180356063 2.4243607121585274E10 
5.952698408275721 32.59925652307391 72.12663600617327 4.569142375600348E10 
5.263400565138445 100.08977577145811 78.73180337174686 7.117320792186238E10 
5.3182280826532375 26.23942940912167 70.55294678716699 2.72810170477706E12 
4.6669389417893905 59.311736233201735 71.73207849121103 1.7123786984679666E11 
4.832955437527914 36.41356556153199 71.81198202899127 7.167215311097707E10 
4.7447204622700445 54.80846815964199 72.6292508028891 4.804504223466388E11 
5.099140270923566 70.72098111960207 72.4442870131847 3.455410734869821E11 
4.962118385583293 35.62301526211098 76.61023343237086 1.2596991735313469E11 
5.616943079142741 41.31952222626942 69.77994163079863 2.5115204320004086E10 
5.085875373236267 27.755622623709534 77.5209646971756 4.949247540200225E9 
5.259891600495132 27.977453549656698 68.36771820502346 4.793804533816984E8 
4.8955385658728146 54.678228792844386 74.03155939641823 1.1471177219836302E9 
5.403558937920698 87.68060277656079 78.32405638604172 1.6519337268515484E9 
5.346599836543403 15.34717507172194 66.20636207831063 1.0548873778302805E9 
5.130572629516548 53.43477525514804 62.94700538868213 1.5655956637252468E8 
5.5839125889908665 15.388699911212598 75.85131752489154 4.3863299076642744E7 
5.358777489708288 40.7327865259934 67.48360894122035 2.4404936711082274E8 
4.894258534696486 58.04572610199948 72.59303582215264 2.4001112240324757E8 
5.453388348870759 14.781434916930928 71.18913830929552 1.1102951891614772E8 
5.684764187787103 35.83347250181565 67.37561043256798 3.0770164460159697E7 
5.554445023216022 11.288571407255807 62.195369048434785 3.477357612967724E7 
5.410272400801815 12.337793236391096 69.80643770869531 4.8773231745593935E7 
4.809983422538587 24.80089808180113 72.29813510245742 1.0391915012414712E8 
5.016155070935713 41.094400836247154 74.19499846363682 9.795635077327543E7 
5.551823059843089 34.075871873709225 71.90330646027682 3.948758219285995E7 
4.611405887235789 28.388875537120626 72.14434890464292 2.08262544141044E7 
5.637748386726805 32.63716394797329 64.39139451639463 2.897875938600546E7 
5.0375418706685275 25.452627023873177 69.66832451699494 8926498.626858748 
4.930547282857795 8.979547256192886 73.46849263035688 2.05079025815456E7 
5.6941170836510935 31.922357104724515 71.41625840815593 4.23001398987348E8 
5.1270415522900095 33.193500693420994 77.4517555220382 8.214841410644736E8 
4.641257761173677 16.890250937383552 75.2223820599964 3.1387151136211157E8 
5.735074125721289 8.715527795951058 72.43344496775336 1.449781496423391E8 
5.572006760528448 27.36868953719232 71.70473252150535 4.6970066007001007E8 
5.224667700999911 5.256182073545939 61.610640364175815 5.574903386538166E8 
5.031174469854082 80.76505911635358 72.0500695082854 3.5719104695981437E8 
5.600286194576923 21.46291970725724 78.92692485675038 1.377376191451677E8 
5.524530820944375 19.21011574670061 74.88049088973106 3.2647728239307785E8 
4.885038120700614 29.8888241702817 78.02595340333399 1.2098363467836351E9 
4.7958373589615 6.808891317641965 69.2779843362608 2.691628911307776E9 
5.097226348419336 31.42679210881351 65.75010388605313 2.7228456551617348E10 
4.8030596159255605 41.17153096071337 73.4311261589622 2.7544428886467986E9 
5.267149147266558 29.96479765692088 75.62465398146823 1.7991013003648566E11 
5.606172352638248 21.526177862156302 75.29488336309694 1.2608004157066762E11 
5.689730409351052 46.99406916459421 68.20307360336668 1.1907980598790643E11 
5.753365990328685 23.59213728625739 70.33290322339093 9.50879396812261E11 
4.667577529652879 65.02305863333665 65.6828389949376 3.151804468291686E12 
5.229114045886052 7.555596830904047 70.65172775000806 1.8433772697818875E12 
4.9761339743103195 78.85735398807512 77.93895386843307 1.6170294057765122E12 
4.838380820447889 24.61945532288594 74.20668569043366 4.3763461604443445E11 
5.0806371817348746 32.50870780117755 72.94135516790516 1.0268168211237036E11 
5.139638350841274 17.955437974973556 66.70455208503189 1.4142366544779767E11 
5.180673123081391 116.04278476099229 74.02749457265529 7.457439205645941E11 
5.154459621439971 31.85284474473628 67.01647227451582 2.0528338993936892E12 
5.34553959795687 7.462835427442256 73.7652543801724 2.1012013653712527E13 
4.99333601904509 23.950499035861718 71.81554670180809 3.8505345040862606E14 
4.814869626886105 5.889937147858674 64.8211967745847 2.4820694156587572E14 
5.115217820871564 13.930187997323108 80.79540351470325 3.1940281581163425E14 
5.3836712453942015 33.85160926518582 76.09857404946412 2.1230998077195266E14 
4.343104312372732 33.07532577613215 72.5468123641584 5.999454297775445E13 
4.8479730360212265 21.80628842730828 71.98648039143806 5.0802935736092894E14 
5.249597885711374 20.50001781223688 68.31695541400836 3.681124521586155E14 
5.041831448996416 23.06381286121453 72.47144753749458 6.587511852016852E14 
5.083507632353666 26.359745476468223 76.484175315923 5.106002985864184E14 
5.520689005819339 32.08124697327948 75.33713831018133 3.484884177072817E14 
5.139116935479747 13.609310865362557 70.0487013044691 3.0349420259362365E15 
5.417499487942642 30.340299602100043 70.06097217278558 1.374732081949461E15 
4.966309020025842 43.18662036628936 74.08292904517819 3.466169723363854E15 
4.975682700822628 43.92468345644524 71.43018999759039 3.7116034075707355E15 
5.369756480900573 28.084705323779183 69.79210163567676 1.1856281034128806E16 
4.958554126900269 19.65628015669133 72.57476572441296 3.6247671349171065E15 
5.152303090001027 13.193635551033701 73.21902793165943 2.232210142158326E16 
5.133642821359134 50.13676930307613 69.30220815125631 4.3919295533592096E16 
5.420457812089668 63.202206206488675 72.15401142088511 1.62797335326763136E17 
5.729384516546532 37.98560266579071 71.10776401476632 3.8832247938907408E16 
5.2119368888129705 9.226433407497955 69.97638047532344 2.2870768996372144E17 
5.3472375464105255 56.010103931142 73.52903184812504 9.4100377438333584E16 
5.547690663364598 10.760906165630244 66.07983763184173 2.0058417807102868E16 
5.089132338487583 16.71267818921646 78.05703114164788 1.8892859157050444E16 
4.95799108216328 43.2190765247519 69.14771318850529 3.5972536859648316E16 
4.980410062396535 59.622641928560135 80.16643216653658 3.2754026131915238E17 
4.865385042170398 32.54976634515704 79.18827316776152 5.517710913434336E16 
4.928014563524948 24.276137052157384 83.54290914581776 3.705563439075588E16 
5.055900064746886 65.16744951692452 75.51763915178194 9.8392819844536752E16 
4.926202604170868 64.75213457161642 71.61475239700903 2.27001866830595616E17 
5.689150873063642 22.541947398087522 70.08827379957958 1.24340186045059296E17 
5.522526414290541 18.246070124928103 77.85945454648149 1.7747079903590104E16 
5.176628117418726 69.38028839003475 64.44355003874567 1.0193573554205744E17 
5.611314789623094 16.190426611251205 71.07024364947017 7.6717625361657328E16 
5.448095469201135 15.29313865509975 69.17622699709072 5.004771784954786E15 
5.062181357546619 61.26586999663907 66.68946569060093 8.37454349708495E14 
4.782047104051375 13.470145952084295 67.75434011500278 8.576943417500511E15 
4.937407919080725 19.25179298179667 68.27287251964009 2.7615161717310864E16 
5.639800222469905 45.84513363200482 67.90991388887954 1.34312385367604368E17 
5.100856607387447 24.983021038689063 70.31258723700189 3.1789621960774836E16 
5.271840930620758 59.74815393254172 65.48635899004715 8.6067741803376992E16 
5.217699878154741 19.894507659354737 73.0818579273585 1.7821136846317178E16 
4.9873849743848755 18.42275547644123 74.82056993867604 1.25920150523077606E18 
5.280644401712266 16.7801774021519 83.65692902016808 9.567261945352727E17 
5.487786568383816 11.88542328608808 79.37540039554302 3.478975116340743E17 
4.949489282103629 10.398018708402835 74.4842789601547 2.8643466004757552E16 
4.409591605131236 11.69035185130113 69.79199524853047 2.2793912441865976E16 
5.680642899240608 33.00964086706898 70.65993701244399 2.10672608604721632E17 
5.0626089610355285 30.09240270778426 64.91598377745512 6.879113228051424E16 
6.020636124478443 29.610586922115697 74.22603842642286 2.7254944826770184E16 
4.7630830520623375 79.163201942935 72.3094078668433 2.67728880050661568E17 
5.0511498534643495 61.802811322105995 63.91727923348419 1.43192593738866608E17 
4.971334404087793 22.214383139091098 70.80529513615143 2.15401614434860256E17 
5.540837601714587 20.115576732348167 65.01515676329437 3.1711093355682208E17 
5.09066949163828 43.45593947978959 69.60188530614214 5.5300516266851955E17 
5.1257479491483195 17.354444841929688 69.00345591567407 1.90092821356941901E18 
5.458071224343669 8.423356009701164 75.37939079654613 1.2298433028485706E19 
4.891592684919927 61.18918393858601 71.41969082207416 1.14876628784951552E18 
4.948694013873796 18.43685515054611 73.8118050111364 2.6631215215622528E17 
5.380954175170089 13.421012828606798 65.80128702903978 2.71607261171377824E17 
4.792649864231989 12.459810833491687 72.73482861679804 5.1401623508781837E17 
4.861569166691665 20.670446896923675 66.16124445015069 6.530278750626816E17 
5.175522217758736 34.363400335365654 69.68102737247646 4.7411526407465574E18 
5.1656099497411825 99.34344350738559 75.22473184866453 4.22387034497943E19 
5.0532486976955875 38.64851645371031 69.73969258238861 4.204015205280694E20 
5.331031719470243 141.40785521928768 64.00586091250199 3.5941191645699464E21 
5.294002744782385 34.17513989029492 60.555891636168866 1.3385011339701775E21 
5.049238860658207 34.51415389213547 77.07560525919345 3.2905284985052476E20 
5.3364978506246015 41.135324995468544 62.15412781983415 1.103143754536331E21 
4.922266715244859 15.317834669107535 84.06258917142176 1.219669445419387E21 
4.897485468845091 13.856066608016201 80.54602572305129 7.72229815064891E21 
4.560406842671283 31.57360767363621 78.55782820848982 8.75244782537776E22 
5.684302003359325 12.210484236089783 69.06796641634136 2.4974644147236525E23 
4.907699100956731 21.77196969698761 67.17320945856243 7.134085474923596E24 
5.259667129143074 12.093662440906474 67.98259321238247 5.69162306664651E24 
5.464905650523018 12.735580778224366 74.49794217012459 4.759257232642549E24 
5.785130598960209 12.55404929977989 62.1586162229266 7.42458482902522E24 
5.905463427210016 16.65030136855983 63.652339957568174 1.0672156099691876E26 
4.948029170507865 19.65238600246499 75.77232385101914 5.4082906785378285E26 
5.389701390677437 32.72218102906227 66.31633471133658 3.519036279183778E26 
5.168505650646316 20.538701730928196 61.12327420146439 9.749584051337295E25 
4.816671912295853 14.022466876359129 70.31558461956288 7.4148927453275505E25 
4.935302683410321 14.553648886405073 63.42054315587108 4.263672767255725E26 
5.009635046395242 23.216313188041333 67.97379780744814 8.841228977271038E27 
5.038468232849474 80.7266844918016 75.99658039594476 1.3164240490634141E27 
4.787138157965933 98.84299221755847 68.95666581778005 1.484142658527476E26 
5.439884833213123 16.612100500220834 82.95369205729392 1.1057793036037523E26 
4.737882746870348 26.139006607632293 67.48904683795925 2.1835263833507886E25 
5.1635234795727545 33.65249950187491 76.0120926753942 2.6948265712620154E24 
4.892447342997144 32.07805443140934 65.1351456120153 7.596917201499578E25 
5.653389932441696 20.162030868003985 72.74263460375546 6.1429056559855E26 
5.188646598551486 62.0130432647553 76.97723944885006 1.2500347209971228E27 
4.975313622853083 18.120652003756078 72.78108517527268 1.0124325678023735E28 
5.620271308506093 36.62587310444527 69.78701711135935 3.73033897159181E28 
5.3578160585498065 29.8387892885711 70.28539423109925 5.062991665551019E26 
5.227096575522571 22.062977597512187 75.55555162008184 3.264364332957788E27 
5.223974509787402 22.782519761927375 71.9949090726126 6.981499467249822E27 
5.683178958879836 5.734314488179625 61.705399370472826 6.248329539047116E27 
5.224179819175957 16.15962260552209 65.18863721256268 3.5946696432931975E27 
5.239935342909383 25.619183422197786 74.67653106506283 4.308814030356721E26 
5.096765734306436 12.08141390731042 70.37571792327343 5.153278122452891E27 
5.148061152479535 88.04640697248729 70.11912373406965 2.496105181069045E27 
5.721673432062895 36.74125944403242 75.94102793213887 6.1289384759884376E26 
4.75544602922256 14.720985415644444 75.18603844210739 4.251669633777409E26 
5.431664139896737 34.69831890083228 78.50364210881416 7.080288239562177E25 
5.155646818925346 40.916392445119996 66.32603323437797 8.910197281479973E25 
4.897820563743394 41.28411884294718 62.54430501371095 1.2047513672624802E25 
5.367471599546011 34.59161428442161 67.30821478763211 1.1034568048662474E24 
5.303986447382928 50.11804422138078 70.97048302702356 1.3642044010911926E23 
5.164513184997866 29.035726082734882 68.51108076261056 2.2786357360582745E23 
4.7046060812965065 48.634357229769016 76.66167324043474 5.541119097302093E23 
5.018841799010667 33.140910217813676 72.78069033271414 3.031742252475339E14 
4.944832326038625 56.41020008639117 73.48154069181308 6.809326224294256E14 
5.189138019590911 11.68101312951553 72.01508482742207 3.7960112726558203E12 
4.5755122387479705 25.446620109563447 70.12132364263198 7.292551219776349E11 
4.265173503053997 35.36964568201352 72.09762869406079 1.1635352475734263E12 
4.924012529448176 23.254942599386247 66.17754650298292 6.516637100808041E12 
4.714296178094655 16.398529779874053 74.03084299957592 1.6823584956475166E12 
4.868693101866763 48.708316574948626 75.45597926449068 3.359148791211293E12 
5.243381596355862 84.37378433064238 67.6247021272654 1.4833995460831367E13 
4.758211894311382 66.76410113871003 72.77429367237474 3.713277522079123E13 
5.38409632867023 26.77633782902454 71.51848744457982 6.94266363518348E13 
4.942624237066429 31.653015493931193 73.77759062994112 7.201716586816486E13 
4.5640608025836205 44.57917929131596 68.45824005355244 1.164060975275584E14 
5.0761074602855185 22.947205810808082 73.64255863945385 5.748718099715422E13 
5.081260428231346 25.641443185882075 69.22310414402442 1.4137813914557038E14 
5.056953587055808 33.279726231003146 75.88058770970885 2.0221940688598144E14 
5.185453117179794 20.688857784481883 72.86247001066393 3.425807782094651E13 
4.936748634585363 52.94896732387589 72.10070513238595 1.0293219716726145E14 
4.81105644277492 23.5424280133801 72.25496194872719 2.369806530817706E14 
4.746805013963029 60.14737126326039 67.73128445981743 1.433523571740432E14 
5.080043476496558 19.896970548685893 71.63109072137675 1.9389455081315094E14 
4.6693499218764885 18.4181561634468 73.26372023547341 1.3180312347251036E14 
4.9213429632167225 14.897975679120346 65.95309049706358 5.727445968690987E12 
4.33530084553761 37.895689056429916 72.22103934050507 1.0144242972120026E12 
5.336640248317029 81.37441663995959 69.25020380622757 1.612320235429404E12 
4.924086352454934 37.75545918395185 76.87578507721237 2.4072363487537778E11 
5.867564556789936 11.605252505633953 73.9474023467672 1.1334285078057243E11 
4.421239413257207 27.95579068911711 68.4976960101112 1.2679204791460736E11 
4.876514375760285 74.21355377450969 75.79396063188625 1.113077127348543E12 
5.133572508331176 27.77940673661239 67.02993614160246 7.513952640276941E11 
5.552504974392791 48.11323665756506 67.1360347544104 9.36910899263475E11 
5.404831932057678 48.812095639410714 75.174322689385 4.724278179168193E13 
4.7947995926796745 21.333683121673637 76.40505250435355 3.2617631257675906E13 
4.82672090393006 33.65635652218891 69.80579642854337 2.6310938986364888E14 
4.772357168062592 20.404838074469833 60.04582823064719 6.23420850049943E13 
4.51154125450169 19.732883179823638 74.61125882229214 6.632995184510509E13 
4.721577769995971 54.18114901706589 67.19730085691383 1.5565157277834722E14 
4.846424349720958 27.526562719267446 61.85132444280318 2.7231798788721947E14 
4.7191356065697025 17.552242719961093 65.69545967603348 9.016476745205558E13 
5.409120952889433 42.31713602207344 75.247334270299 1.043626921795306E15 
4.876009831618563 71.68312072826626 87.25474684048542 5.867858311560598E15 
4.89209564412374 16.700382432057616 73.99279040572408 1.4770253569144105E15 
4.520557585542633 23.224002438822502 78.58283582331082 1.3582331434468296E16 
5.249978635879352 44.153383756477595 73.41314702953312 3.6039456703827128E16 
4.840035141700874 45.17286946827049 74.24069255691387 9.654520074924952E16 
4.483110712999798 54.167755103098635 71.41296243654142 2.63509985668130656E17 
4.8534811049174715 35.24225866942016 70.66938870553608 1.8348028230949972E16 
4.620697319868545 26.39024226193716 77.15848256765865 5.410597602851999E15 
4.851353439901923 13.975013532171108 78.03580376285433 5.2662078133169632E16 
5.929566587354534 45.825210682193074 67.5261916297426 9.8742878626779072E16 
5.11579558975145 43.081355160044225 83.83901303346347 3.927108396850144E17 
4.449581516515986 8.859824621307402 69.29527842656988 5.1729869834505587E17 
4.754162610391226 32.28667136106126 76.28337060682813 9.891791418397568E17 
5.046175811522283 74.89166833120416 76.73435650735428 6.1321324357215058E18 
4.915617400515971 30.701608247264183 72.75340136781445 4.642638768246095E19 
4.772810468506741 21.958106731328325 68.04458964088059 5.2932952985338993E18 
4.685860780968593 11.02507444422936 75.10430373857223 1.25873945275716762E18 
4.74526947612065 19.316736623502706 67.6003498034274 2.63524301230152096E17 
5.409270812395249 18.997908377663403 66.65966056694238 2.68123158671378464E17 
4.91863211029302 39.03606992051952 65.52595444138434 5.8786148113731297E18 
4.841092305045379 27.747229254500766 69.97876847875929 2.4505864565409063E19 
4.695255769240455 25.038718748527415 85.58093125758798 1.2326285428804189E20 
4.755673337353517 34.12456533580321 65.30988817209631 2.348025657831257E20 
4.571324859415872 31.42468191901378 71.69848999190226 1.5785723710525038E21 
5.174362153174702 45.169255865925464 62.48054029940001 1.9318428036709078E22 
4.572636817800351 19.045306480115993 80.17262087005572 3.953229305346874E21 
4.921255259889206 58.23567941892011 65.29924554329413 6.185102677590362E20 
5.02059896318152 56.88703847041846 80.50843556194636 6.425244812660272E19 
5.27860292471449 48.290053662037025 62.07373163191642 5.682317608561334E19 
4.5514105511224106 32.36890255417113 66.00697097850875 3.795477681159781E19 
4.6420146992537905 16.087419630650142 74.6861817164355 1.1480786595535782E20 
4.87764711919231 47.274521219260976 73.03587202937908 7.600232371180914E19 
4.302500680811329 37.910682761392415 77.25514234252687 2.30231699847423E19 
5.359128917782616 28.985439872834355 73.5864748776966 2.09245925454490163E18 
4.393981324662395 24.022347738839265 76.83579081189508 3.5651033985275791E18 
4.79425591903215 24.602372715426853 70.81636515228865 8.2932092224564288E17 
4.788254843908804 41.24817315727066 71.97475166492063 1.33700176761385024E17 
4.7552989863114234 38.32927761542778 72.39265581000448 3.1966133950033069E17 
4.432575098828072 27.691160601687386 65.2811470213432 6.8505679754476144E16 
4.791133599245741 21.301572381025977 69.55363811302323 2.5683381292496324E16 
5.16627516239466 18.59039262338902 62.68799997735053 6.2342966788192984E16 
4.583251054885981 62.428625434925884 73.9085192676232 1.76002296568626752E17 
4.918877754782121 32.221805360145964 61.56508113338838 1.06256301614780848E17 
5.045337417658498 31.88323003692789 80.48054546299392 9.0354082156590669E17 
5.081289003531216 7.062894183996405 58.753140971733416 1.50004557215856384E18 
5.310247434522155 13.389214266873362 73.44543737843237 5.7566949510357894E17 
4.493981932732861 45.65400246326266 65.5562833609561 7.723303495045232E16 
4.805677825693739 72.21771154773346 66.66603948889437 1.09002160371283392E17 
4.4962928485100795 78.40748558749712 76.89544082877802 8.1411186495435725E17 
5.229352896129955 22.753637103393487 73.87325926435574 3.3906364281534355E17 
5.028694887248356 15.714623953742215 80.07883826695824 7.8379038429938512E16 
5.310295354272938 12.248040780971978 75.58184791422003 3.8650619760008496E16 
5.0652889785782875 37.82652744935114 76.91484870980238 5.7977619631111846E17 
5.251662766140661 26.333791079953222 63.57831074683495 1.03300768676197344E17 
4.7791344861882425 58.238464904921784 73.44646619610153 1.10156298873244144E17 
4.348069184401961 12.830836193598955 74.03772255725814 1.53989872378417152E17 
5.044854760372438 48.36560888444436 72.06356663561478 1.54620717607880352E17 
4.665207104276354 41.900002864196246 68.24858638107001 3.9331482173340488E16 
4.918773231341933 55.62458745087294 74.6477006937952 5.9970945322722128E16 
4.703828764742661 17.8920831475688 79.71645965151323 4.5880478833520966E17 
4.864150369714766 57.086472757764895 74.56581577580911 2.4867576898735804E16 
5.035023935797472 27.705195362958175 76.32564744856039 3.3676856508979853E17 
5.21029287559615 47.523305537441985 71.92711142913498 1.0232509112453641E18 
5.018763103589059 13.622543329575151 73.94660585050953 4.726856328139009E19 
5.456811954045983 30.075176180617223 64.08262690189385 8.619944497190981E20 
4.89169460002276 45.11537041547041 69.32765670512305 3.000451225247671E19 
4.835260701287776 47.604632710619654 66.7740285743446 1.7907063079584944E19 
5.492358613254708 86.93980047313806 74.77508112696096 2.449911997094542E19 
5.131921276136184 19.133668370482965 78.64293334375525 9.324879995287144E19 
4.912488836666192 23.112154086915254 87.66030604336126 2.1382588514132095E19 
4.935545301787655 32.175097787083445 78.95689680313473 5.06540027406991E19 
5.077399546446193 32.15129588747527 70.63055626925491 8.2216086089906371E18 
4.709431264943546 46.90544021657591 71.72937803359984 2.6223161514041375E18 
5.061563641543093 39.71187990714618 71.58239027682501 1.11597186472207578E18 
5.716294442502139 23.849161332743282 61.33362345901116 1.35308407064139584E17 
4.772549243751016 16.497996683908234 74.7655980915803 9.552403933043224E16 
4.918829587692061 24.06124360621076 70.339420415411 4.5887849519825328E16 
4.874341493500597 14.697680207355308 79.76860504788073 3.713833477745672E16 
4.429289665552968 49.57646178813303 75.44451085349695 4.5952035924329552E16 
4.51350697393729 50.196392838974035 73.17205478726498 3.0664463357866772E16 
4.865707952806682 23.912449326022994 85.79127726911898 7.7359685364316176E16 
4.79478995774255 81.79315629643733 72.80690806817633 2.7029220397891296E16 
4.647334348377007 52.540516227473475 71.94929599219088 1.3547583506935032E16 
4.972188351657408 40.082513789241126 72.58527595071486 7.0955234417187024E16 
4.69094521888399 42.419881510323506 62.63456452819403 1.6761839652231744E17 
5.088789599257852 14.133727394724211 78.58307030137867 2.38433117570998528E17 
4.843514616761508 38.211710264426046 81.33229224934533 3.316685900942818E16 
4.784835921226657 20.727235178685532 63.833946280674304 2.9066043209988696E16 
4.074548499615018 13.03913890322628 82.04738505427878 4.110883564340552E16 
5.073584980614873 35.816194540109535 75.13759496653161 4.9165979370775512E16 
5.2150638965105625 14.743017012644195 69.831720145786 7.7719265000382448E16 
4.593650022007768 12.65789008002325 65.21445592289527 8.488322860496832E16 
5.128306659048036 38.08810777197586 74.1772784124182 2.2290224247823831E18 
5.230593801738204 4.329544367011739 62.17853458712094 1.01816467602378448E17 
4.396386623654547 62.552053011487914 75.29673697992317 1.63572533771745741E18 
4.908274103133073 63.95615322802962 66.58855552200917 1.14957872618729306E18 
5.244859090626455 46.658834251087306 72.14750995747072 2.687767511656416E17 
4.839547186630327 52.00403241927636 70.38988724204668 1.0684073666609E19 
4.817308702288408 35.538268039440354 68.17075990833727 1.0543478844433195E19 
4.624277651645666 28.894913972578742 69.09834375257206 2.3024345815599624E19 
4.726106144087035 41.756613054991014 73.01556884401036 6.698978328384053E19 
4.843979191453633 18.56844961999899 72.62035224923305 4.891128112165558E20 
4.518234452219492 32.762417775457386 71.03885400825452 2.436478979197874E22 
5.1140743550946635 57.350256204428376 64.1782295037858 5.090415406743584E22 
4.613837433798447 36.401732128169805 65.09139064244954 7.118270160785568E23 
4.756503647201838 11.581822080032746 73.76324651194443 4.0371696329617544E23 
5.421715588904848 43.74602965254528 69.75328130489142 3.1308081888877994E23 
4.895913395935645 56.648003262001076 74.08144518107815 1.4379091996545196E22 
4.844021434289338 11.201606159307687 76.59289720644745 3.174332761710997E22 
4.863952275458913 19.900793800941475 73.52733054797967 4.133121536555483E21 
4.734000598869022 28.507402682505873 85.09764520081045 3.995255866375115E22 
4.467890664357826 17.19878855112258 73.02321573212618 4.6929907687904054E21 
4.772103439064202 48.908621273317806 74.70803038441086 3.2221168180424153E20 
4.596551438375347 42.657152459944164 61.76381087305077 1.3106675703155877E21 
4.678971391814055 24.37941518919564 72.29093305027668 8.477143848290052E20 
4.829995795729472 20.311704186982094 66.81119596256444 8.717082230257193E20 
5.414681045152388 34.60226917240089 61.49241094674217 1.8102233403658905E20 
4.695362794236078 89.80745919420542 69.92246110316394 1.5863139332996317E20 
4.804556773976104 20.68960269711054 79.73205822826256 1.3084307913157481E20 
5.364648162607156 27.029219527647662 73.94244861178512 2.1578993786093054E20 
5.510764660217017 28.623506799726687 69.45682959435734 7.374006524335615E19 
5.202091596130808 49.25307054054771 75.24505937665498 6.2849568658446746E19 
4.9555210776538114 15.742393046342523 69.09784719763859 1.1932595005590045E20 
4.9967701962832205 49.911146677822096 59.887610699828016 2.216979918807612E20 
4.994310934496437 15.215471401973911 69.80999515918701 2.368221732190759E20 
4.977927917993527 21.676811215683713 75.36604689327554 1.3992774203429677E20 
5.2616890490374555 36.48506566758232 68.9276427226574 1.0204094494501919E19 
4.570016747621274 15.386138472427438 67.29123205506316 1.83838023486334618E18 
4.951680214291531 72.65479255623474 71.18672117257884 1.25438004146190144E17 
4.836036694147065 27.59561995095103 70.1454307334792 8.7828352925536064E16 
4.721910501667476 3.7715583776778234 85.51983779286999 3.7193160380154374E17 
4.875646039891535 33.24169226133194 64.42492888030795 3.9613643662110701E17 
4.567577987181396 7.808068977695063 74.70911498531703 7.8351031218793254E17 
4.897640154879165 70.3847988091659 65.89773649628754 1.734322905160218E19 
4.88373280594861 37.17829118545001 72.77604437690248 2.4193225832680044E18 
4.976092421680147 37.35554318117045 66.40248414972004 7.251697119852631E17 
5.234754573297464 22.234808744795643 74.62230578461319 2.7861111031576965E18 
4.630060415966443 27.382939967959484 81.87538738688107 7.4210189262041011E17 
4.9559019554938875 35.73618983037145 69.04578596275002 1.93469113130388224E18 
5.217652238832569 30.31893927553465 81.25081016701773 4.357777768077568E18 
4.9608733612906795 41.72421756112711 74.03327632366282 3.2717169302396242E18 
4.614696110214615 32.87575732955445 82.23105186313927 5.6331405210388992E18 
5.613294332140832 13.124161488301933 69.94712687776983 1.2064413339219648E17 
5.496295930268756 11.103978494727262 59.67129655439192 3.2638584511454828E16 
4.98266701173619 10.608134954629891 68.89129383855554 3.9120040154136336E16 
4.62208205645823 30.301793145695555 77.56876030649185 2.6051922353303536E16 
5.1467576345806005 32.09988619452919 66.39856639662365 1.10047062368408544E17 
4.761941915732262 45.34759865522278 77.0652598018651 5.4396631692548584E16 
4.961547148279385 36.76049715186506 74.105637706184 1.02027904433389216E17 
4.757463576754551 86.53923460456575 76.34609628503975 5.8226306311867277E17 
5.232585378326517 10.45741647548572 66.4800430241079 8.40831214462432E17 
5.145898308686533 8.665964375595795 68.8878929125567 5.5735054828405766E17 
5.307183894757584 8.804980425858297 71.66414460423235 1.77173030655003341E18 
4.689697553060878 28.444057762792166 74.5037234785906 4.7727969596794829E18 
4.899683391157463 9.24614100742825 76.07790038634404 8.6697361366692383E18 
4.979924106085047 16.00519884901833 78.44783559038103 7.7637122772537201E18 
5.043015991666499 31.466731134183014 73.92562158616416 3.3747986994161357E18 
5.566051007954874 33.06375598874174 67.9970241705431 9.1048431255748925E18 
4.799997730417714 16.052195486553785 68.0741716069517 1.4576695593234393E19 
5.52081572270105 10.862553794106582 75.34198833071012 2.116456774600703E19 
5.157489547018319 6.457382218670341 61.596875523732166 2.179898972275639E9 
5.109730833715918 29.85255875570017 78.34250936681805 7.327715812741782E9 
4.971839019573701 30.137429300117287 65.61398800891614 3.3481807026409515E10 
4.309674135384572 17.370379657165266 74.23332440727233 9.17675135306746E10 
4.9438125703959015 22.36762131567198 71.29226868615727 6.085766936020729E10 
4.460391259930632 45.163352548263376 72.88985470282054 3.3434717328678288E10 
4.49158768503277 12.191838480074583 75.11860257280361 1.6367164587603977E10 
4.9883859043582035 31.347196480712245 75.02713205473616 2.517447251919893E10 
4.7765754174440005 51.666869363079726 72.26563854344221 4.821115584886385E10 
4.74672010750216 69.64025803419813 66.31103245369086 3.086048741018454E11 
5.24993733187578 23.487744609761677 68.3369162384941 1.3913583043104287E12 
4.807562943645289 66.11299837176294 81.4613339327452 8.11271755213644E11 
4.776705818882656 6.127739308217356 75.75139404261498 1.914537777836527E12 
4.574065540867664 41.00171729995084 79.16069866767502 6.126673210087976E11 
4.455565992094864 26.49535590003394 76.10985324206325 2.7388866105129214E12 
5.000537102393753 28.10721988510035 81.00293531863127 4.543084237410387E12 
4.775022623048605 39.619208057546295 71.86605732165812 2.11592048558919E11 
5.075616856423952 14.724633876481377 76.64147227087261 1.769329554198026E10 
5.453961793505967 11.420309921707638 78.17544574691175 8.087255998683996E8 
4.798378923122411 62.02158527999773 63.48543217627757 5.344810615734964E8 
4.938190948808157 49.32803396289207 65.34291577138228 6.312193306048803E9 
5.12575464278893 68.07789308649039 74.89310539284904 2.809586276548999E9 
5.010066280084767 14.789230515152221 67.27725475198254 8.278138492536582E9 
5.149123098515693 41.92336534638764 69.18273900206165 5.616215532634963E9 
5.2504543456654655 55.498338876030495 65.85171818467646 4.5667897424877464E10 
4.7053105318886885 29.08569212788257 72.7917372818579 1.1765198831247841E11 
4.9602729982282705 54.649403149241586 74.30026290282117 1.2476088611468585E11 
5.331325571812664 11.471529882766198 82.0567257522531 4.247017007853529E11 
4.783510862513758 22.68495328182334 63.192846516671274 4.2814538992826874E11 
4.833248569560666 44.101501664087245 79.27510160373902 7.66551525539991E10 
5.401439543432446 28.70620213074867 76.40010797648304 3.928973458807538E11 
4.987573410426191 74.0811713334865 73.26365820503251 9.532485595979478E11 
4.7203493786625765 41.150922892328005 71.18692224738234 3.204976261386764E11 
4.942146923674487 58.5451451989202 81.56567143313221 2.160346368446018E11 
5.093319242513996 25.156227446866485 69.95474188117262 1.8097644330527072E11 
4.982852938631321 42.907598727283215 72.82110784543744 1.944981059891538E11 
5.014947441500504 34.913703737269685 74.85988892049116 1.427190369608339E10 
4.5713135755692536 22.6826536239679 72.11315329732136 2.822754309470289E12 
4.5730545840777745 37.436340723780525 74.40745923469234 1.3287578194065713E13 
4.795825493098274 15.729064930354191 78.79442413714087 1.875288479026653E14 
5.231461528973234 25.525550393770963 74.55308917651159 1.3242769127690254E13 
5.2387491780866 37.48480691344527 74.25947418976753 1.0471465563622405E14 
4.828052574456416 24.789565001153914 69.64758920461529 3.537462889166032E14 
5.074556338315727 17.493847350792265 80.34908004672494 3.7598527571056125E14 
4.41632269656534 34.15360673079464 69.8619393325244 4.822046777363986E13 
4.464927143346551 29.666989261067734 73.70849740247772 8.122577288570002E12 
4.654397488371046 44.34680551951614 76.2541363549211 3.2711295217426742E13 
4.963988117733331 28.12432698501429 77.39227973495416 3.0630156312622246E12 
4.751991162446327 28.302247240085457 68.90221302734139 4.3586364914710103E12 
4.8993140338839245 47.373037009837674 72.04527078196432 2.467666951262164E12 
5.069374642321725 15.562229904535897 79.36960980897378 1.6651563549850459E13 
4.748459913413013 30.830977922346875 61.70724333884587 7.42650903276087E12 
4.711762058188573 70.39720576385659 65.44427221335776 2.1152713262040508E13 
5.066660590047451 19.76701513690697 71.21454691321341 4.03624262252205E13 
4.856882456703387 29.777583476464915 75.63681144820792 6.817554965599425E13 
5.05026085516015 18.5387731342115 79.33864851434596 3.877118705755002E13 
4.9862658534011866 11.839741737798475 74.59450792817091 7.44889528755105E13 
4.97394730747898 59.56804235991801 82.21474068113207 8.154581377173792E13 
4.768628175926919 76.43092450353075 73.91939216888966 6.653163557292266E12 
4.653260391388537 25.82931180679957 67.95472511776498 8.40526752654956E13 
4.731153661707656 29.884805484854123 72.42154352905384 2.985553243493856E12 
4.695695027533222 33.121298612534325 74.66312178307552 1.708982623933067E12 
4.792416589270737 36.35208036893118 77.61414323296488 2.7019823704463804E12 
4.551647725652206 30.178125532358656 87.50663748893065 6.358848555225774E11 
4.434833039618733 50.65460334002189 75.95309909524566 3.9837166689237036E11 
4.803623429930463 36.62980398385758 76.35362411030873 7.102020476812838E12 
4.556723999721485 57.33873216971115 81.60921414350176 7.530341891525342E13 
4.796691523016916 41.56032738041214 58.42968918257502 2.0907870341947725E14 
4.772295982189842 47.755968488053696 75.37254386968381 8.758498982661608E13 
4.681674440594608 31.628410232505797 74.62129485790557 2.9319086103379434E13 
4.632851440146976 38.751099862954405 70.60559919799006 4.843971006662465E12 
4.839948503376479 91.72947676326484 70.71950921446185 1.0649121377168761E14 
4.77971074850912 19.23597969665049 77.99549852184525 4.108810084632651E14 
4.9547597793155385 36.466910794190355 74.25935220715303 1.054498994168474E14 
4.972311460863368 8.576169808806128 75.32528762479429 1.7321120533932584E14 
4.9400772148678795 62.352124544764564 79.00508216155308 3.42502499098618E14 
4.6801384292549395 37.318190954183436 77.03282300378635 1.2013907828976319E14 
5.661326360943676 28.853510450608933 69.72988305851781 6.026515330793586E14 
4.34297759620487 36.91403856495611 68.0334891909556 8.248001328531951E14 
5.078763988630053 22.34509202530219 67.05219705685384 4.558649378416282E14 
4.954767878923453 27.474311151714456 78.15281090513861 3.9037934248290544E14 
4.794277225564736 19.483785204708564 81.25597805539817 5.649297268310625E14 
4.763486404514689 20.407370711694757 76.57277499688009 2.0505683901407896E16 
4.865895312821866 25.035665076884932 76.07457899390934 1.9123857180584368E15 
4.835914197699165 36.16845853827066 65.41529122466657 6.149213386315581E14 
4.679229693407215 20.77917826261922 78.93117075678757 5.590541899337567E14 
4.898354683672039 48.97517989428147 74.48934151788164 9.64450091623818E14 
4.765949764799303 40.38066610283619 84.74351544516843 5.80657708798307E14 
5.288952637495422 11.406040672094253 88.21472690178342 5.665009711154832E14 
4.915402434589201 39.28520853168779 75.68440624654438 1.7575283457897538E14 
5.241439255991569 72.11110233120192 84.45359052818716 1.9485959917420062E15 
5.028435056768575 15.285065435542009 73.16767192116494 1.1282725498543144E16 
4.338003706593535 36.1166098393176 68.0025751286322 2.81182727078906E15 
4.794947844641182 41.24228518405809 77.40888402159011 2.262845312115799E15 
4.7243069703712814 40.52492376574378 81.29938278467831 1.4164453961430448E16 
4.804115177438191 69.10498184704197 73.34110774536967 1.2218679341552604E16 
4.30337126252495 41.938194691810025 73.6585642759979 1.2991909957384076E16 
4.743736272456801 35.07299217573215 78.063911117586 8.404013237400182E14 
5.206743264957031 30.81886773634985 73.82507317320167 6.303010998625946E14 
4.881992901852818 75.36496986318265 69.10905696076088 8.94996187751856E13 
5.219930970378868 31.79368936770217 76.60463247871894 2.401795918738758E13 
4.517076916447017 19.899059432405664 74.80503132223885 3.8235061430495094E14 
4.879465248287646 22.185080632625777 70.49501523664016 1.6291469444912585E15 
4.875834924507884 42.257256473289274 70.60546386482366 1.707292102998137E15 
5.567396236140629 8.213534045478713 64.33375169320038 2.8906125987444615E15 
4.673052479960777 106.54489257364105 59.08417611941445 1.727012136792203E15 
5.231694923878339 14.814822621650151 77.98428364816792 1.6213894047404386E16 
5.33775465105381 57.71012206627462 72.07995645362936 4.784353073890664E15 
5.161928498764832 20.225103086844832 65.5769840274683 6.3098589679550584E16 
4.791396660955409 29.091627761268754 73.95290820835073 2.41793766517846848E17 
5.27307231858769 38.631830472711826 64.42942797726515 1.14646738992314432E17 
4.971201685159527 23.889173824112163 74.06665439369132 1.64017574652358304E17 
4.6717904410422415 14.912185843302822 78.92261118309096 3.4620791398034176E17 
4.758931999078326 103.45478281511326 68.66335129322187 3.1293881432638208E16 
4.3384936012174515 88.43136897336623 77.72484334876253 8.5390133952831856E16 
5.305915221297539 42.5338713831378 86.96761640577834 1.18330716292540336E17 
5.260945906758525 29.460021068198593 69.40992593291085 2.18336422846010304E17 
4.690545447728074 25.38988930447055 73.43974806185557 1.4024447658919896E16 
5.586532438864679 31.8327341725615 61.64029017290435 1.67013510055832768E17 
5.183334416973794 25.73659066242548 71.04246981051968 1.56669784732975872E17 
4.257168545597568 15.953726865678199 75.16988680125762 4.0802733062974106E17 
5.006243639212858 47.793802836550775 74.48914087028226 1.90101498701389594E18 
5.284452311761044 45.787397126419044 74.66121197895563 1.1727209441234774E20 
4.707195050566632 47.180614963715854 67.16300201423307 1.80555372492435712E18 
4.981423154906653 58.10352917051949 67.80578467261378 1.8043739464588496E17 
4.61147238727512 69.61921854347446 59.87433783063737 3.7127911549484531E17 
4.874157040847297 31.25859609417041 75.97197726222734 2.9330772091220659E17 
4.961733407171519 30.30367420383182 70.5899744920972 3.7993576353307771E18 
4.969758025756418 16.90364885890531 74.14701883558865 3.9173123739331674E17 
5.578071508885961 49.15981773252436 64.86344475913049 1.7243194026385618E16 
4.530873083009856 35.17889751661475 62.43059779946443 6.2064538553036632E16 
5.263115122676446 33.58940223791452 72.59831744339611 3.274110067726393E17 
4.9827253465856725 35.29255222341181 69.41037678922304 1.22701884679897472E17 
4.811690017099664 24.85765719788502 68.87798616248918 2.5258394948066836E18 
4.7219429877522705 18.501890298614214 67.49377631417016 3.2798692097204106E18 
5.121544277674234 36.10954833158681 70.52926545886997 8.807043752617942E18 
4.4801485710644995 24.067027860983167 82.06726737251395 6.799578367248356E19 
4.523156947382676 62.5308168993622 61.16163469814877 4.640107750755199E19 
5.094829068697807 37.68626089162805 73.49739911022499 1.7747711223231674E21 
4.863927805259925 20.053498951717696 66.62762932611128 8.398473408579743E21 
5.15578729574209 29.1768984714199 71.2746614752285 5.968221826324454E19 
5.249196333776897 34.911138086911514 71.20587727811696 4.41158284115318E19 
5.047066507149949 13.018962761082872 73.58842273895105 2.0821797683806876E19 
5.117240202748952 17.661120449275383 63.99851429386134 2.0750249888953635E19 
4.533273761028568 10.759409206905998 72.80851021268195 1.8575770648158732E19 
4.482610872298562 22.011297808786743 71.73969300016493 3.122729345138232E20 
4.873952198510824 20.952305252085708 73.15492668012897 2.1420693466709528E20 
4.2016462304788575 24.941365234475157 72.39887670096942 5.005683968374321E19 
4.665007819857698 43.67539653997744 75.62686480053827 7.1084727169843425E18 
5.010170293541082 28.661333044655496 69.1099810254614 5.471916641275523E19 
5.060003028452122 76.91470439823408 69.96124683883782 1.476602796037084E20 
4.712582142710712 39.81996463467192 66.2811707958929 6.561105641514833E21 
4.958545518151354 14.789948999171845 65.02335173171444 1.1393642631226389E22 
4.810527111711999 21.150290429028892 74.1874107643174 9.374202060631216E20 
4.579573005313846 39.46051580353991 80.00792587531188 9.095302272577309E20 
5.205338966928621 81.08300985267292 72.94566780067976 2.6716725129008445E21 
4.624976530720392 70.66593436169534 73.36704805078286 1.0912407029483523E22 
4.539721484251735 41.31401646387391 76.09656691459203 9.083652281045064E22 
4.689603979625396 42.46706336133222 76.31571172589551 7.912259448638236E23 
4.818860859686498 14.701635706942415 69.86758532935863 1.5278722221217982E25 
4.870689099077209 16.910262799816845 71.65627769509273 1.4907637997465974E26 
4.150957988358448 24.174617411752266 73.21021077114153 4.384552708383974E25 
4.597370654920126 24.508371177436754 66.82487176993403 1.7429955967564204E25 
4.352094622966388 81.28635302142345 63.74099166010136 8.081586664510982E25 
5.0768482700414745 32.3418468483461 71.11716253421243 3.457698462537423E25 
4.3296412502123856 35.55711604938987 68.03612130173521 2.1534298145361818E25 
4.380920425981154 13.76257681744236 71.675503704538 4.204694814056676E24 
5.062197789453017 48.25863039655244 81.5794096315128 1.8008791807170025E25 
5.153955640228279 23.962249678320298 68.75736097335053 2.4963196090149997E26 
4.510705414669586 30.41586238723783 62.51074005054795 2.335446625098198E25 
4.691368683038577 22.315981937526466 62.99582621337272 3.1353911407197955E24 
4.9057409707511255 35.57824489388483 72.78460005724638 2.881523663825274E24 
4.9496220331619 14.951082497903787 64.59323978945926 1.4792358261308344E24 
4.5961442626408475 93.33588254278845 71.71392602939464 5.573806528132609E23 
5.101407996650137 64.45807155269051 70.0971388345894 1.6784186177332816E24 
5.031729194955665 32.06008401328211 71.26307192434597 3.6976381088720467E25 
4.685059141883805 17.10366066309958 65.34973663494728 9.175604627901289E25 
5.1279670775848984 37.262077692823226 64.82657399419332 3.2700211530433783E25 
5.045822025942844 52.91634731073458 71.34469803070645 2.9675256708851807E25 
4.850177093120619 60.1440312135906 70.3446366580666 3.6960034597915515E25 
5.319775560542865 29.97078654197227 70.2863755536037 1.319310267002024E26 
4.780602208965755 55.01827624294157 74.97707980629349 4.6237243187237475E27 
4.779611028654912 45.86926097519539 70.94055114712302 3.180000963676253E27 
4.569638910705119 20.463659138709026 79.54798188578161 1.3225399136717772E27 
4.511441122410282 29.801953650752885 73.09912418107757 1.1219512641051596E28 
5.475297224717273 90.66032921627794 67.67719134843739 2.0431638461687844E28 
4.920079246395057 68.16121216632962 74.27719599489735 5.474494493218908E27 
4.269842307693791 35.24671034785017 76.97252356433505 1.6526047684993704E27 
5.073592581099715 78.35440922602332 73.36994450632301 1.7156242672160694E28 
4.260925069206571 28.73588057495787 77.02048597795147 5.902548809810469E27 
4.213024257568758 47.248165928615364 70.87065604090286 8.69428350454925E26 
4.847289299207456 43.612253464242656 73.46738057753524 5.9754329275193605E25 
4.70053858101449 25.456597650520585 73.72641470265613 1.4290292368760174E25 
4.631861656159051 14.31351736867663 62.708044584753 8.011161629014611E23 
5.0727599671140755 26.9953504801709 70.67844974564606 4.247468956939506E23 
4.974252365963214 90.54256360765092 71.55401868508947 2.423056351729592E23 
4.470749680468514 51.045220618835344 76.57794996170506 3.3737390045107144E24 
4.732417534457258 42.34273889585286 63.141902408034234 1.1857395822120459E25 
5.020469790721334 24.971533324247766 64.16228262631743 6.852635175407773E26 
4.652256852381831 48.2632438103328 70.79888403857731 4.678745793982637E26 
4.367272136135801 33.45015010201025 71.32712456728756 123620.82019997605 
4.7820020551952505 41.20506586160784 74.07367362271387 279560.357489334 
4.164768399793248 82.80060131234468 75.89085213608979 160736.2251225139 
4.4018819467225585 67.00887851012718 70.67770976476109 772637.6746955782 
4.189342120923004 32.07388693928722 73.85221898798676 603070.588880612 
4.333532924166601 47.05034542981556 79.68467705983474 1090142.9928690703 
4.230810505264667 46.00498529427802 70.7945741314002 1572680.9918440864 
4.710288550707045 20.805342532560356 76.11614037667614 1.7233968777003136E7 
4.5343935663046615 34.76113403378228 74.69807372455278 3.2001486579762526E7 
4.321547768391479 46.97249329524829 70.20879313255422 1.4209851198763284E8 
4.120354856781392 10.354421480832032 73.15167181415883 6.910438562745643E8 
4.667843584633721 57.75265580320885 77.68030535967124 1.1906401171541927E9 
4.481073491940337 37.11093571724096 74.66858995279597 2.9599522795394325E9 
4.214809098843682 51.04806491968729 65.97514357131111 3.265003670432785E9 
4.203208658154591 58.75937100724434 76.03493701836514 3.2022446642675886E9 
4.617243502704973 58.06013114412822 82.03785959576359 5.711685661904227E10 
4.080308633568502 44.08018737009918 73.50843082894775 1.921039552911036E10 
4.556377562210995 29.41223053819351 74.62980984812576 1.7204533547303165E10 
4.278499428306029 52.98306651358471 77.36120830717584 1.9825440408300407E10 
4.576004898444237 24.08642527977262 72.35378330152567 3.3855528359607433E10 
4.278903452609948 16.318071302828642 69.08030572403041 4.097593581403284E10 
4.379775037469853 112.3778269487895 78.50765391469787 1.8158578650588398E12 
4.642501752770581 11.412096602565146 71.21785412920676 7.367630663071865E12 
4.345340060807722 19.5953847972577 74.55364023272152 1.1634646740350422E14 
3.942031993826769 53.44336025668342 78.3169342409747 2.9540006815179106E14 
4.31619364748655 36.928570564057246 65.68622278143606 4.5136670082648894E14 
4.446826153771037 28.15351419824958 72.08705969599613 1.4671200492845603E14 
4.300096226685159 20.81352771797973 74.06839448120176 1.2741233572479596E13 
4.162860912618475 78.52335094167114 72.26746312372083 2.3077551693962375E13 
4.66666708263541 21.002720471065977 69.76008103362274 3.4930615594884598E13 
4.541614135077928 10.474175144388726 75.57029562568306 2.735477907392269E11 
4.016131095430235 38.53341345004671 67.4155677667595 4.958148602263571E10 
4.393348897399523 141.77971987240934 70.00624943697767 3.7679459205515755E10 
4.3086365880833135 117.85154077704703 75.0285721618711 9.749008182108856E10 
4.576613347483891 37.5376935568553 67.71820769592459 3.033222073354932E11 
4.882370014266201 18.0589358981438 70.22305312938664 6.6874407520640274E10 
4.01977413056482 54.47219680932122 69.07479411119877 1.874599787014718E10 
4.5842455100404695 103.32675003437167 79.22821562297426 3.6662201405736534E10 
4.231650598142115 43.29267874960283 67.63538012588309 4.201359756899201E10 
4.7010988844350114 54.986518756333396 81.72886595045634 5.992878400130716E10 
4.229688818695419 33.26288968822082 78.43520219200953 5.382098271429771E9 
4.1635094776272545 22.164423887608564 77.14495250893283 2.3417383350444286E10 
4.29078201216739 59.99735135993931 81.70027204473053 8.871963059165447E9 
4.362751723316411 61.71326377826101 73.42930435762617 9.270731702343021E9 
4.410224848183758 46.49366339618082 77.2975164414345 3.2948051802727165E10 
4.309860615197853 56.769316144186135 74.20595083184934 1.044594036190964E11 
4.59699832557833 56.90964198144237 74.88466340217525 2.4432850578171486E10 
4.032780486091723 20.61870833409683 76.25970392702624 2.7484381676595654E10 
4.652306238715668 50.75696571657518 73.45689230674488 2.174176048564926E10 
4.66589647695355 12.761736832364571 64.41487607053998 1.4261615772637272E10 
4.749775981707882 23.06193757439031 80.30209922238286 4.4106096767180855E10 
4.539851448461199 71.30395658770873 73.90391242883788 5.114621873409826E11 
4.302404342100054 62.17935238227719 77.27766571786778 2.736012750122042E10 
4.489631767862708 18.264822618758274 72.4648742215653 3.8933516371143E10 
4.7125978124482995 58.14962122899395 76.4067705799711 3.77096452352516E9 
4.366218320032382 57.77731080744189 73.09078739170307 1.902170866799809E9 
4.628900182325856 91.75011469983727 67.65762760506794 5.577002551563314E9 
4.322241534140757 47.934524358212705 77.13235651587968 2.2056846848527255E9 
4.878424864488463 24.671610575196542 73.5247909457235 9.331619269775856E7 
4.25478643897228 24.118454110649385 69.46760312219232 7.15122275768276E8 
4.447289469906641 27.038013413113156 69.4215228461538 3.887689390646498E8 
4.05656466667963 45.98221761845703 75.42970350681539 4.824524833882891E8 
4.823211031357684 104.47334076971744 70.76549051633556 1.4947597343803388E8 
4.392754733577745 30.64853557351143 74.2745083204057 2.384479111662718E7 
4.413814241851343 67.44639981910548 78.64086491909546 1.6475443762827042E7 
3.8840105577747934 39.95322476836593 70.29787220170576 2221499.7675948697 
4.46975731568063 33.75798548528541 71.47442537145162 3139980.7309129257 
4.259529957560809 31.45272259352007 76.95398154717955 3311709.8746568216 
4.113908529134409 36.64691270786672 77.34174224175986 1.922505788221751E7 
4.232478679339682 34.54408932637052 74.78436138711751 824642.0880703616 
4.638746395045661 71.41086348122943 67.34710521406858 516334.3806684845 
4.56219151851648 54.35524500161 75.44334285113871 1900907.7618378757 
4.059407782865846 76.01005150228693 77.09247508362948 336563.7089327172 
4.774069814889914 17.46404196003779 71.41937608840642 1006996.5306884415 
4.317830372505223 42.15152556657566 74.66319869725683 682990.8179023572 
4.607689962326617 17.095666339091505 74.27419639670389 1422169.0073189877 
4.057101889847702 45.57232018318406 68.83475346529353 1660741.696793829 
4.817699234131302 42.51730570347904 73.26081880863616 2052095.9501899781 
4.229812590599631 36.26502608494384 74.34327455434176 1.1571475290970974E7 
4.166960536294905 32.72407552506132 66.19491361280981 2.0330134896505695E7 
4.08780078984645 62.72371280158559 81.11334464919469 6792029.333899489 
4.520776753444833 43.19041999133607 67.6243389838732 3.006569509047258E7 
4.345407657005574 14.123325572890343 75.03814125281056 3.660400886917521E7 
4.837137556230804 30.127493042255384 63.15325619857078 5.986975989926216E7 
4.644666716075383 19.691849934127692 77.56945773489011 4772064.43089995 
4.7035146738429106 66.10080095792344 70.93854396096746 3.811186335772159E7 
4.1072796474624775 25.472166191555605 67.53490553103363 9.067586745998761E7 
4.38684329588093 16.90102047154237 74.98936482237383 9.340517121267624E7 
4.325599835093932 52.732090790597425 75.2440582163066 5.456426527773287E7 
4.086592776744681 18.110180095057018 66.88398563664408 6.8778371074986E7 
4.359737214060509 37.77990839133402 76.7755355855 7.127217311117016E7 
4.258400040787386 40.363428907013414 69.71090120620507 2.534921847903807E8 
4.594484376330324 21.19840378198555 72.17702086432314 2.1242382176524315E9 
4.364219234962837 33.7340979570826 67.5975579723557 5.568823453787268E9 
4.173549761545129 15.322128646715358 72.77736694718274 4.235301225067836E9 
4.6180763088599575 42.46897118438306 70.25748160296155 1.4834798435319881E10 
4.296713479190203 50.56713768054141 77.96672601393234 1.4514142127127821E10 
3.984205898454944 12.416409762608218 68.0972482427083 2.143787916107541E9 
4.613659666156573 31.74095171121656 70.9404510906786 1.4669180265670323E8 
4.539597807057165 11.707907185658438 74.5795075043002 1.1300582984570563E9 
4.476324675094226 25.167296610787417 76.07892348892673 6.346197917493472E8 
4.729934606737623 20.93387522567357 74.9059487343686 1.4630861604650003E8 
4.581032398590108 23.94408389308351 72.20548431503933 8.630393095257995E8 
4.143099970261299 94.60998405132179 73.56794042650299 2.9623967192801766E9 
4.1519936853220925 62.28911086593114 75.01534977228523 2.448722366495407E10 
4.667582555998021 82.11720414471081 70.65431887821825 7.97093425563939E9 
4.440742063240313 36.678843375972306 77.37348898131194 3.357907524065866E11 
4.115778390850555 29.11747866503993 78.57208648062908 2.4801542573328526E10 
4.152443367890434 79.46515511465135 76.67621259949235 2.4376069633980858E10 
4.910525065528551 42.377282625990304 76.0043895252258 4.3000158995564415E10 
4.587303864880208 42.003548712827765 69.59972496398984 5.391402841165257E10 
4.63279695376809 25.53718797721988 82.0002866710927 9.319944834636288E10 
4.186307645959839 31.10922643500476 66.68608830560797 1.194692733486152E11 
4.231961992025432 22.85093653551324 72.1112839245133 1.2005200349760922E11 
4.714054508056171 9.523446193761373 76.34367282355007 3.366116623632314E10 
4.340734162022123 50.22287137781875 67.19782968629254 1.115450364813917E10 
4.540763012489874 35.35080388096594 70.91967812722189 7.428481050673012E8 
4.553261007189597 36.29953103702606 75.33986886332058 1.0642475912350737E10 
4.712537253147568 26.5533592290741 72.32382457584268 1.7970300567448437E10 
4.381711622223017 38.32776177117938 76.68609088964891 1.43261186669797E10 
4.537651650483149 26.360302821463282 73.17448986146701 5.001503695307472E9 
4.552931770583755 50.90473585050379 68.63917111640117 8.985712357337964E8 
4.5470809981105385 25.294031527292642 68.98375628645094 1.6841718789404333E9 
4.345614746113891 38.78981503031215 68.05280134912459 7.203154639558979E9 
4.600930913982659 34.767493633506724 71.06862976209385 1.640478010483873E9 
4.508059914258539 30.17579289878768 71.37295288640463 1.1542854332237215E9 
4.340225701450684 24.4271855291963 70.1470875717637 2.098616374718001E8 
4.493127411698022 47.19859198911559 73.52742832279021 9.633069992672488E7 
4.415388863661823 47.06488980416192 74.34238935492158 6616032.671536623 
3.9703743630875694 31.292089875436368 75.59583525532996 649806.5716243234 
4.405967824841033 56.48559195009739 71.54050320838127 7479286.803726946 
3.984992615076833 77.75503208001493 76.34875320166904 3.3556402378507145E7 
4.122138344744532 69.79199762293807 71.39455828704119 2.3312188947710577E7 
4.497470234176127 42.53382932942204 73.217784817866 4524830.051817901 
4.613417372939595 18.520629510006522 75.94976910224455 4912500.842442306 
4.6986501667977825 49.88409418913196 76.92700298739577 5194575.99872979 
4.4037702027826535 11.04230578270116 70.45773551431452 2.8975630285623E7 
4.622525177771019 38.049645283243414 72.9773934110538 4.174003090453473E7 
4.368136017947909 47.71271633594526 72.97454042056563 7.987774331912528E7 
4.47274636878499 31.511968594664104 69.91434963583525 7.87604695045037E7 
4.316319938893164 21.827330745747588 65.34787880204166 2.1498089021855038E7 
4.2733599339321975 39.5528956574071 70.0489987998349 2.9167418810549304E7 
4.536284815242137 46.56545744774898 77.96059732251088 2.120684670095712E8 
4.542087942990344 86.90489546507268 70.68853162995151 1.790227921269499E8 
4.699424746029687 77.62017935762731 71.3873288309282 1.514188174775162E7 
4.763841431273152 40.207838254655194 69.06784588320515 1178705.3278133515 
4.708972127938659 16.19080821954205 66.80450474135537 569972.9523030127 
4.305828742380362 34.31358559302097 73.27403379131327 400618.4947162153 
4.244129140758078 21.463184663062453 76.21035683702397 743978.1798858002 
4.229491478867614 57.757783139299185 68.4026974789463 157785.35605404584 
4.29369425735977 22.186818111679948 73.76916552977038 697179.674356362 
4.344517053602044 16.223440930062736 73.60311732507753 4548732.9693704955 
4.531196222064022 48.382774080654926 72.19082788600437 2667401.812899883 
4.613626748383901 45.35532625744503 76.87411866170754 1.0945093469209E7 
4.676655673880261 98.5431307727589 69.91826558905777 1.278212892617725E7 
4.349420906669625 42.51254868684136 66.44224655786591 4.210599856896682E7 
4.275995459636589 89.8100105259565 69.72085868560039 2.912763868409191E7 
4.694805010493969 91.21231455586702 70.5204538682916 2.895494271212276E7 
4.378793228153083 45.57706472142226 77.23649850326275 3.8187019738702836E9 
3.97832725638599 34.69221154641369 74.47613550040984 1.1768877669152258E10 
4.428072732366509 19.17648006569797 67.33987677409759 4.666677563633888E9 
4.3382268805638065 59.39104738135742 73.14010951746376 6.367882767357931E9 
4.781700318745747 49.61247555977321 79.0082308115582 2.2231284174161673E9 
4.4833141061413855 22.05168945473502 75.89246704282537 5.2695351691599953E8 
4.343580685575662 16.930334088682798 71.92753170636237 9.670676880141596E7 
4.629045130892233 30.453760978489434 67.33205488731123 2.1753179189529445E7 
4.238211878144726 26.595904138473106 79.61442459776386 1117529.413327296 
4.527627971920886 15.931404046656603 77.45783254387118 1.0236546155659163E7 
4.484447252650351 19.545142247284705 82.7856856821394 2.362729625354041E7 
4.371240686677844 74.7941331833702 72.63625186431501 3.0200150970527098E7 
4.630786020893527 41.839323089957695 71.69903634919999 6.041632958854153E7 
4.875000331172458 18.485474348360643 71.75228784410339 2.479896998926168E7 
4.486856352524541 27.26020775606213 71.83978519846352 5609876.485703174 
4.562660368031707 37.951822284472236 67.99799366431763 1.4229486959295724E7 
4.321214651662176 76.82530614092354 77.67573282768771 1.0493956962334312E7 
4.959801946677566 23.693464487095625 79.72884438451518 1069399.6317226123 
4.664980300203775 66.31695526073287 72.31264716589183 2244830.4917895435 
4.520933512125715 33.30046424655576 68.99374051011648 5889113.816563446 
4.288981335927717 38.96832115554252 71.01739492697435 8114958.655553595 
4.549771816959474 17.736815730759627 72.95681070979 4.553374942911874E7 
4.872937701741793 31.05366169608781 78.30252637862073 3.1198291694290355E7 
4.469559994536055 80.72375100898444 79.94220083174761 4.374956998029841E7 
4.646206759686118 48.273384599917016 72.65451701008533 4.844289857265261E7 
4.343749074639007 63.79227817762349 72.16086564720602 8273896.437685902 
4.461828475396988 42.09422609018554 77.92528372545752 4.542906632617566E7 
4.477786938142044 20.94007306551516 75.75635985132838 1.0728436948758233E7 
4.534882039440287 38.390768777408894 70.52966651134966 7.994386461371925E7 
4.95380947141573 35.747746610342304 73.97290615184146 2.04881206006027E7 
4.34612375273333 27.47007011112541 75.88487198878379 3.914818086250412E8 
3.990868863696259 36.52882124597225 69.78949770110484 6.183549872708243E8 
4.161730879444571 27.786372810235402 75.11557047350809 5.1406980263114914E7 
4.66190175186341 49.450565979768875 72.25007977057476 5.180635674033137E7 
4.4320884646987215 70.24664290705527 72.4561265242017 1.966257426496265E7 
4.3063718964967626 47.545239629888705 74.48618955049822 4.4451550796039426E8 
4.609546302340022 100.6096703303829 73.67353374885467 1.4366096622639632E8 
4.503907481984201 35.00104098688517 72.10859408747855 1.4178177998176423E8 
4.426785432863183 68.4751227947202 67.06878274404443 7.634092067528265E8 
4.364632842551822 71.39107129963011 66.18206210362648 2.286812959696061E8 
4.373141717817874 27.62887158437966 77.05322891393267 2.346627089584148E9 
4.638507096915042 41.34445432406953 82.70718369325098 1.1701670125227007E10 
4.679099519196105 32.32352607656492 83.06268985883722 8.325017491572976E9 
4.812796488671556 21.2754111932482 77.7393350097615 5.560668678686858E9 
3.9709169116055976 5.269075663430215 65.6849214354417 1.2975803361693047E10 
4.254613605094929 17.57154303040809 84.77496539943543 8.388947504959296E10 
3.7736536101704212 59.688813305188134 71.70894149724441 2.1522900405733105E10 
5.101293981202159 46.84533010301619 68.7180933291884 2.07489715678252E11 
4.370545169910823 16.07391679164224 78.91035244201989 7.732910599943576E10 
4.937618103506226 42.982616495489665 83.10848503188112 8.164171867121242E10 
4.309991323653634 39.86805168689586 83.03379684573909 4.503003791258333E10 
4.672671694207428 104.30203404561941 80.7410055778692 1.9027647693929836E10 
4.447062193854895 62.40242468435253 83.53541338998782 3.343663341226041E9 
4.671674593726023 17.03163553367373 71.67630982832324 4.08636345648134E8 
4.194680971996441 24.988514035730734 82.07619354702288 9.317695955678529E8 
4.6728678845776 81.38131072875788 72.77736452389303 3.446506759915657E8 
4.36147819272464 43.550697423683395 79.18823387758457 3.584640326625169E9 
4.460265770049223 49.247946826745775 71.48291815660156 3.7982673570544887E8 
4.266750010464515 39.40512865425009 74.39251510751824 1.9275847981433327E9 
4.373413366166012 36.88637650789319 81.24002329486316 9.113245569682009E8 
4.740455780235273 34.30817671853062 82.34516161866277 1.5592233555969715E8 
4.8802837767340215 83.34015845394654 82.08753892479615 6.383388005233687E7 
4.356565412115119 13.121514985739267 76.95453974972757 2.683028041256361E8 
4.217624714016792 41.16955888726358 71.35146206587525 3.1213735272964966E8 
4.659777816476211 8.410478243505061 75.97519381811183 2.5283194833926894E7 
4.5359397702167055 46.42122009729282 82.28106710302407 7.812847153945781E7 
4.568966610500974 41.090078511843245 74.8317746740394 1.1245756568988175E9 
4.300439177723612 50.92780399468443 71.21899510080974 3.007905192587836E8 
4.8284953809836315 32.66414817882815 72.69774586750383 1.9133620372302014E8 
4.971616882111672 66.52120683965568 74.48411616182686 9.486438669971687E7 
4.475603456994761 22.204198855799902 74.87441528289892 8.314726660502856E8 
4.719541832942571 31.956708085708456 74.10666307068439 1.7436206190598354E8 
4.760581846658723 23.327024763226902 73.89882229793614 7.166615939892535E8 
4.698460802773677 31.1756426120913 74.81850488468605 9.662103481881102E8 
5.00426957070583 34.70920190924857 82.56455809095279 1.4985288999864244E9 
5.040544282870741 37.98654842341276 66.11223749137703 5.759976549001182E8 
4.079670437606401 18.7404194915031 73.21132063727924 3.509810634501108E9 
4.4710309370185675 43.27311209804049 75.57534487546631 1.5880546667811758E10 
4.591411657229937 21.751498143875004 70.05486035014528 9.805656353814084E10 
5.195319883222001 55.405154884411935 66.86555850440676 1.563557033576067E11 
4.80304582269956 30.275484942184693 67.74385958705294 5.178980486700946E10 
4.6900125856878105 42.595230119506574 81.8378834864365 6.980163452232095E11 
4.30926146638867 13.4891332341757 69.32802866044776 5.872071580331576E12 
4.555538865129589 70.00703770474331 72.14563235886601 1.8336868325372125E13 
4.8800354818698874 31.85007048451808 69.24261264815509 5.430479087823219E12 
4.8191874904530705 35.94775916232426 65.46771426539662 2.6988051066144883E12 
4.77846881866732 72.12151055148777 73.46523061040881 6.316367304631123E12 
4.026553013959357 18.217585431925045 74.47126053960747 3.2016973190869203E13 
4.821888911358503 15.07246727828293 76.61141088512873 3.929662067785422E12 
4.816712074687324 25.300598923659436 73.81671560477682 5.77809963680748E12 
4.960559527178174 20.227501511742723 65.87286612101143 1.7249433629072367E13 
4.296199840587432 94.93977930973821 77.2870307675143 1.0933236946873681E14 
4.83820655297328 23.05307288921535 75.38398020567938 1.8530478700685616E14 
5.078587848020938 35.24401653614589 76.98551627919211 7.012669890886239E13 
5.003353740666039 28.875271874603904 79.8943549046466 2.449908418707181E14 
4.78480486560274 83.65640032203987 72.31470464550274 2.9846642375273992E13 
4.309386059747276 120.98359159891893 67.34885495760997 6.163441653784286E12 
4.395913792550618 60.68091780895328 88.49080339822359 2.0722086834872586E13 
4.577271258418718 44.98411274936579 65.82836822084683 1.187714078705921E14 
4.91264980308921 29.315316394859057 72.7001347595255 1.0756704200944739E14 
3.982247720502604 39.46507561722163 73.28624541282696 8.335972165311112E13 
4.780588165628577 27.707892572848124 78.27891644642398 3.797170814119322E13 
4.550637609867833 42.68959878522914 66.84121825201254 2.6062206673617666E14 
4.564732729338167 64.03613759160957 68.96662096081465 8.97313529709455E13 
4.445890028609758 38.457108840639265 70.36633403465123 5.643503623293979E14 
4.407662338063776 23.922621586268164 67.56117731973883 1.0079517978967881E14 
4.93424302664487 82.82624979925764 79.19469780428444 6.9254583258884516E13 
4.762537702878661 38.609753852483834 75.50662146893853 2.87301039434034E13 
4.83051193909844 77.60103902069642 69.18916601366986 7.589623568413702E12 
4.627508063809492 47.95353102430046 70.76999435546821 1.974600582316587E13 
4.991093402726621 95.94797678048195 68.91050977368226 1.896446179003376E13 
5.000032417371011 62.05275252088358 72.55112449418738 3.396760963058417E14 
4.557069207721662 21.15623817271205 69.46703238908208 6.417944081853796E14 
4.853188942352536 22.89874036688868 68.00918574191141 2.305023064828676E14 
4.741297432916948 51.2476535849572 72.27956835878632 9.094313420467289E13 
4.353873299390658 20.36650320254602 81.49879888144501 2.2725005849617016E13 
4.163331219120297 67.97727762126327 71.62106007715313 3.2026805026406254E13 
4.527236570404073 13.81285745526012 77.27877949889972 1.5670063897578194E14 
4.34544053324896 47.687717405878615 74.5488848429719 4.862063083382019E14 
4.136876159153935 24.93532558580778 72.29611886743544 1.5939389560202615E15 
4.1143986479331796 47.7881196184292 83.13014426056236 1.8430368948617432E15 
4.6653747221205455 55.95161650414538 73.63014710896218 1.9891235963072488E15 
3.9907903078979947 84.38980134805621 68.79889573682122 6.773011636685822E12 
5.433484943243434 9.942918968251478 72.02771546147834 4.266538364023407E12 
4.32499493997295 57.74753877796811 76.38447809265058 2.756172394626508E13 
4.281622306465695 44.632201823280916 71.5344208041544 4.194241020323742E12 
4.930839621698464 49.53369697123453 75.85345773106404 2.0265911749662742E13 
4.815440096190284 17.96199869579745 68.78795086528709 1.7248598661158617E13 
4.3936155171110025 44.42079465243775 68.26949999668555 9.655228728047288E13 
4.5679512318880455 28.45298290686464 67.28129814598503 6.031981913774594E14 
4.796790284281782 58.274806880623636 69.49834708561244 9.743179880488228E14 
4.650439304038474 47.81740515252139 66.71315123995191 2.1338293264018688E14 
4.462798232889522 9.409828352628233 84.27467528100287 2.6574877737547534E14 
4.433810345637726 24.726587750355453 72.63918343487316 8.983139610407512E15 
4.92326453736347 65.39779590495624 62.49604731972752 4.901354509506865E15 
4.861815021106404 40.80548485823898 79.68395362298406 2.077811596749591E15 
4.573721954018664 85.029659436321 72.00751690914367 3.0439909685307452E16 
4.325392863388371 23.848709269522775 67.40571231432067 2.0818692589377724E16 
4.758155634461676 25.793005038868053 59.90874366621254 2.3660462129762916E16 
4.501718672004114 47.36196021348346 81.56080421701967 1.6018713479132888E16 
4.626097528364514 17.860665272361015 60.83347134000445 7.6829706900240051E17 
4.734955339712101 6.903183180651709 68.06144664224846 7.9256156255472448E17 
4.624375643327051 35.12734375796819 72.56434167388745 7.622239980867008E17 
4.679485127226753 26.84746202474666 68.83400606755887 2.01713433460508058E18 
4.83421881387192 27.622970951900758 64.31857080450904 1.50106689260972032E18 
4.347491748674525 21.435582777678317 81.32412401633724 3.1335084205356937E19 
4.475396499096897 22.76325723502972 72.99004150923871 1.8417850440543367E19 
4.915284108613496 28.07698489283728 70.77110374875996 1.2674777910296894E20 
5.064792865218518 33.39626688313731 71.4712951588887 4.173798767605315E19 
4.672625378995644 36.583574894139545 70.07075726383296 2.972503702759536E20 
4.859889733647765 93.56989192167268 73.45206043594267 5.252022426568878E20 
4.968004396064051 44.49950949105976 75.48402488860171 1.3867401258505813E22 
5.012741994889312 34.75134965116108 72.17243917365899 8.430987010456875E21 
4.382428640276808 25.828887307711184 62.54138358350994 1.0394632171569441E23 
4.372797434255564 41.744637061305966 71.02002862222056 4.134915398041397E22 
4.681598494587893 23.197121216605623 72.66180601824647 1.2089394173663884E22 
4.46301722569981 30.842097060597393 93.13243560455817 7.346273502292374E20 
5.163327980959024 22.537065478409716 66.44815126504771 7.26760376452647E20 
4.541926475691314 11.977881910887398 70.22842713963772 2.3258661408452844E20 
4.181187791501529 16.12878238267343 76.71386378358812 1.1129035547169022E19 
4.40960746695873 16.35581829706389 76.1394202531343 7.269396832106775E19 
5.0825221654700785 40.13328065383136 72.85659056424298 7.0822088471715297E18 
4.530152131667693 11.905507818548902 82.20450707767174 6.9011232325755699E18 
4.716144554661223 27.15133886383555 73.36119292628614 6.6602016780009357E17 
4.648107805913593 59.550493187439045 75.91933700990994 7.3201053699829326E19 
4.734588064166303 22.829789984870533 81.20746120687706 3.495419089971232E20 
4.66873254725482 35.089005150467656 73.39413741489305 4.287130700606326E19 
5.047910671116293 47.98655521414151 71.85662533727061 2.0929365499046016E20 
4.887469832052171 32.3030732892527 70.3226471054295 1.5264185603132576E21 
4.734312967176618 30.666725657150913 72.81851483651712 3.08715457179575E20 
5.00171144631929 38.8238293286215 62.98637228671297 2.5467868501000036E19 
4.89427532660811 21.2836310534718 72.71586935274787 1.4484604579548212E20 
4.610428031226625 65.74372178230925 58.31924332172105 4.930938188357646E19 
4.493672335661569 6.952879600922751 86.44104862319692 1.06139396655411E20 
4.831560840208848 32.62439952221551 78.51770241673833 7.9167743245880996E18 
4.841948601471508 43.291847626458114 69.51766349450992 2.9534806198243926E19 
4.782215395222588 32.128405850693284 77.79522144946695 2.6156679090291618E19 
4.646526597308044 63.367946406599266 71.06990851663427 3.1036984899590641E18 
5.470493668603923 65.47182829414777 57.37105209849796 4.050369580147537E19 
4.784518487471459 47.24266539698867 75.00754626842776 2.6137862314681326E20 
4.7350441095474105 46.28197224969509 71.96617369311929 2.7315523910043075E19 
4.34065172263959 11.54275620527722 73.06279015968875 3.550950682574435E19 
4.9316492865738475 26.33365101608089 74.99356411871483 4.9383394854481828E18 
4.937761786358336 28.377641683186184 72.30084355985056 2.251598627202781E19 
4.7966989600060055 23.99945532185879 66.00504273564442 2.9655373036078899E18 
4.261833668333133 73.42825330925781 64.87393712047549 1.2233328072375936E18 
4.351819022160959 19.751015278073677 71.26817240021163 4.9234241851947693E17 
4.54739896967963 82.21809026857542 62.42655133823618 4.6428189170695832E16 
4.3206726718173405 9.51536422647901 69.24897678746512 1.018088932202912E17 
4.897302818888927 65.77343491397976 65.72165498867581 9.052396080165929E17 
4.740298682493939 61.59585323157288 64.47885715063742 1.3311093930717934E19 
4.613078681442957 50.97565330980752 76.15969368019671 1.2117082503126054E20 
4.42902918811743 44.25450220162887 78.5384811717643 8.529405976721857E20 
4.524295955990808 11.7363753208206 76.86230875919144 1.6397273882277039E22 
4.582978671707924 47.06038160010042 75.1645771280073 8.957373626334035E22 
4.900559201703244 58.90316631104508 81.58253873301436 1.109312737120847E24 
4.326139615571925 30.715932680846745 79.3582866240514 6.230265096839541E22 
4.606368583206432 21.44685115343444 69.95933515259966 2.1010409101014335E22 
4.802672209675085 57.761042069000744 67.95202109602377 2.7367463829379605E23 
4.623987335046789 29.811494985804384 72.93478656094297 1.775534310928024E24 
4.377734797068556 31.38174311104383 77.8838958558441 1.7826688346140755E24 
4.480560573619364 13.218180107560432 66.43970299868487 5.964862159380124E24 
5.037185067831135 37.4543491096465 86.59763984037131 2.4772285491714473E25 
4.665877542662105 79.7361352554846 69.6510726442733 2.179188014235668E25 
4.704382185374307 29.39530372090278 77.3736284106947 7.339144486092125E25 
5.064205710559029 19.169443591077638 73.33634681355534 3.0367139856863023E26 
4.912324393405489 31.26365949771335 86.87195029339095 4.9168048024198084E26 
4.707301120449192 26.321826407082696 86.7078137495275 3.351018769820405E25 
4.750878054515351 11.918698611062151 63.28175616868072 4.9372737682254145E25 
4.30807110797483 48.969002650667875 63.07895355329481 9.11648142431535E25 
4.654933446706438 25.084435592720947 75.49794005043405 2.343091717228477E26 
4.7958559916436245 17.96845489088249 71.80408081718407 6.130500151815125E27 
4.631511783572585 24.184557878477065 64.77660592351698 9.742370419764315E27 
4.333629325928059 67.13421550763266 81.80804000473063 2.71801190931332E28 
4.441573434536694 65.87848684303034 65.26930621041797 4.461301558137284E27 
4.4684152812131614 48.3919396811691 70.91557778221808 8.457616438502631E26 
4.14341743161669 43.11434562580384 83.9013423244544 8.273395306795389E26 
4.582755227528325 13.621676999624954 64.90130702603305 1.9754361625554236E27 
4.329310274257706 60.85399151163871 74.87000524272207 2.2111258444892675E25 
4.640122956014462 47.86742252953902 78.42400069735723 2.765464246004248E24 
4.553525633759064 24.957473948320864 62.07591243542962 3.368795982723777E24 
4.534420092022259 67.60821150685325 72.23960066132334 3.1586351908646315E24 
5.138442092928913 34.76932673020164 73.04656618784433 2.2523492034370448E24 
4.634717077821212 17.234259862552047 67.66362413091419 1.0258706703819998E24 
5.019316629748199 48.28184171434542 77.10773160257531 3.91931838358708E24 
5.122242761385397 9.424843265223501 64.0235162348627 7.921222836945226E23 
4.753211846459398 29.090037922411263 60.09494054762877 1.8555930176493283E23 
4.398018341144575 73.40934504410254 66.73693023049798 2.2336946210064642E24 
4.9325701264008615 11.876249317135002 72.34914100656853 2.0245938682423953E24 
4.786415126819182 77.2144811393984 65.57778765583525 7.017403974008205E24 
4.889546174643096 27.49955335100779 71.32247334178987 9.221952725250954E22 
5.002925513065611 10.422331614653222 65.53029901201741 2.9254657311582982E22 
4.49648059611237 39.83693878138427 70.26318482196642 8.948460599931752E21 
4.8689061023695475 18.250645032625616 79.20825881460381 9.83535755815185E22 
5.132931217069113 35.10317884900385 71.3233001070544 2.6094570214538957E22 
4.939541833067429 28.031042223626713 69.03649086275341 1.0196230804039895E22 
4.8904716639509305 38.195131348308124 67.71433943922457 1.457812857929885E21 
4.5970358774875955 65.973733224759 73.39152473468229 1.6897542837528315E22 
4.451357961641129 86.3053258391381 76.67757255022029 8.555690549545014E20 
5.121667447884358 47.931683587174334 75.4806752786185 1.1068911641442984E21 
4.68843507368934 25.3104908980781 73.0875830595436 5.841580200246086E20 
4.2579746036775905 23.95104460791658 69.25823839571788 2.2319115960315154E20 
